64,2
60,2
60,5
63,4
64,4
64,1
64,3
63,1
63,3
58,5
60,4
60,1
60,3
58,4
58,1
58,3
55,1
55,3
0,273
25,1
25,3
10,25
10,307
10,241
10,251
10,309
10,231
10,171
10,233
11,15
11,23
11,11
11,13
11,5
11,7
11,17
9,5
8,10
8,18
8,13
8,8
8,11
45,4
45,3
45,2
45,1
45,0
44,5
44,4
44,3
44,2
44,1
44,0
41,5
41,4
41,3
41,2
41,1
41,0
39,5
39,4
39,3
39,2
39,1
39,0
35,4
35,3
35,2
35,1
35,0
30,5
30,1
12,3
12,2
12,1
11,28
11,22
11,20
11,18
11,16
11,14
11,12
11,10
20,2
20,1
20,3
11,8
11,6
11,4
11,3
11,2
11,1
19,2
10,240
19,1
19,3
10,238
10,220
10,210
10,188
10,184
10,164
10,124
10,120
10,84
10,70
10,64
10,30
18,1
18,3
10,22
10,18
10,4
10,3
10,2
10,1
9,7
9,6
